tree
version=v4
num_class=1
num_tree_per_iteration=1
label_index=0
max_feature_idx=24
objective=binary sigmoid:1
feature_names=momentum_5d momentum_10d momentum_20d momentum_60d momentum_120d momentum_5_60_reversal volatility_10d volatility_20d volatility_60d downside_vol_20d max_dd_60d volume_ratio_5d volume_ratio_20d turnover_avg_5d turnover_std_20d rsi_14 macd_hist bb_position bb_width price_pos_20d price_pos_60d ma_div_5_20 ma_div_20_60 skewness_20d kurtosis_20d
feature_infos=[-0.70710678118654724:0.70710678118654779] [-0.70710678118654835:0.70710678118654813] [-0.70710678118654813:0.70710678118654824] [-0.70710678118654724:0.70710678118654868] [-0.70710678118654802:0.70710678118654979] [-0.70710678118654802:0.70710678118654824] [-0.7071067811866365:0.70710678118655246] [-0.70710678118657977:0.70710678118657566] [-0.70710678118662496:0.70710678118656245] [-0.70710678118656856:0.70710678118659454] [-0.70710678118660808:0.70710678118661519] [-0.70710678118656523:0.70710678118690717] [-0.70710678118661319:0.70710678118655435] [-0.70710678118655557:0.70710678118655201] [-0.7071067811865579:0.70710678118654968] [-0.7071067811866476:0.70710678118656589] [-0.70710678118659243:0.70710678118672798] [-0.70710678118655157:0.70710678118655768] [-0.70710678118655301:0.7071067811865559] [-0.70710678118655046:0.71647118810478849] [-0.70710678118655546:0.70710678118655412] [-0.70710678118657366:0.70710678118655412] [-0.70710678118655124:0.70710678118657377] [-0.70710678118660486:0.70710678118655701] [-0.70710678118655135:0.70710678118654902]
tree_sizes=3489 3558 3567 3553 3570 3562 3553

Tree=0
num_leaves=31
num_cat=0
split_feature=13 13 21 16 3 22 0 5 22 0 16 13 3 13 24 13 11 20 6 11 3 15 7 16 6 18 6 20 9 3
split_gain=1752.31 23.9601 20.6275 17.8469 16.0853 10.7523 9.43661 7.14338 5.73835 7.20254 5.06833 4.9528 11.0524 11.9654 3.88233 4.15181 13.0963 2.77144 2.77935 3.64503 5.61773 4.18318 6.30119 4.12983 5.29451 2.67279 2.07675 3.99787 3.90359 9.83783
threshold=1.0000000180025095e-35 -0.70710678118654524 0.70710678118655312 -1.0000000180025095e-35 -1.0000000180025095e-35 -0.70710678118654868 1.0000000180025095e-35 1.0000000180025095e-35 -0.70710678118654868 1.0000000180025095e-35 0.70710678118652492 0.70710678118654668 1.0000000180025095e-35 0.70710678118654624 0.70710678118654702 -0.70710678118654846 0.70710678118654724 -1.0000000180025095e-35 0.70710678118654369 -0.70710678118654191 1.0000000180025095e-35 0.70710678118654657 -1.0000000180025095e-35 0.70710678118652492 -1.0000000180025095e-35 0.70710678118654746 -0.70710678118654646 0.70710678118654335 0.70710678118654891 -1.0000000180025095e-35
decision_type=2 2 2 2 2 2 2 2 2 2 2 2 2 2 2 2 2 2 2 2 2 2 2 2 2 2 2 2 2 2
left_child=1 2 5 4 -3 7 10 -1 9 -2 -5 12 13 -10 15 16 -7 -17 19 20 21 -19 -23 24 -24 -16 -13 28 -28 -30
right_child=8 3 -4 6 -6 14 -8 -9 11 -11 -12 26 -14 -15 25 17 -18 18 -20 -21 -22 22 23 -25 -26 -27 27 -29 29 -31
leaf_value=-0.68549376684234209 -0.70850146739538744 -0.70741054022269756 -0.71152596066087648 -0.69523704547940435 -0.67984125215101399 -0.68368339772007602 -0.68202323636648621 -0.70891281539269713 -0.70720466989700537 -0.68541285096641702 -0.70819339396908332 -0.708301888745134 -0.6833006558273238 -0.68461916953233737 -0.6806189232356511 -0.68222636212106802 -0.7087729153419805 -0.68344712350426573 -0.68284014778655178 -0.68331177820995703 -0.68352047337744704 -0.70788154037143858 -0.68761549577075942 -0.68637482619131962 -0.70819917261213738 -0.68388228161226872 -0.70613344154909419 -0.70780304217832668 -0.70456520384564303 -0.68237142345645496
leaf_weight=64.177435770630836 65.953973785042763 62.40089775621891 61.734696000814438 124.13559375703335 319.11064083874226 248.93738926947117 62.178830504417419 63.955368518829346 643.3288284689188 67.064310044050217 193.86471082270145 5627.8503624051809 61.956763252615929 63.511234015226364 3118.7124843001366 5616.0807980597019 64.621570274233818 128.35487154126167 2725.2093141078949 1074.3613642156124 449.24205039441586 65.28777202963829 60.402292490005493 192.53230731189251 62.40089775621891 834.08459776639938 2552.885126709938 5745.546005859971 249.38152377307415 61.290561497211456
leaf_count=289 297 281 278 559 1437 1121 280 288 2897 302 873 25343 279 286 14044 25290 291 578 12272 4838 2023 294 272 867 281 3756 11496 25873 1123 276
internal_value=-0.695116 -0.683352 -0.682907 -0.692014 -0.684384 -0.682786 -0.699667 -0.69716 -0.707233 -0.696837 -0.703163 -0.707324 -0.703375 -0.705156 -0.68266 -0.683164 -0.688897 -0.682991 -0.683898 -0.685325 -0.687597 -0.691221 -0.693879 -0.690934 -0.698055 -0.681303 -0.707537 -0.707035 -0.705487 -0.700143
internal_weight=30730.6 15591.8 14830.1 761.691 381.512 14768.4 380.179 128.133 15138.8 133.018 318 15005.8 768.797 706.84 14640.2 10687.4 313.559 10373.9 4757.79 2032.58 958.22 508.978 380.623 315.335 122.803 3952.8 14237 8609.1 2863.56 310.672
internal_count=138384 70212 66782 3430 1718 66504 1712 577 68172 599 1432 67573 3462 3183 65927 48127 1412 46715 21425 9153 4315 2292 1714 1420 553 17800 64111 38768 12895 1399
is_linear=0
shrinkage=1


Tree=1
num_leaves=31
num_cat=0
split_feature=13 14 14 13 9 6 14 1 0 1 14 0 6 1 24 19 24 18 19 15 18 7 1 20 6 15 5 21 13 13
split_gain=1581.56 49.5889 35.4677 23.0965 19.6045 12.221 3.33276 9.45564 9.2811 10.9428 2.23516 8.25957 10.5123 10.3198 1.76185 1.59903 1.50543 2.22008 1.49428 1.25436 1.19173 1.02845 0.969195 0.929702 0.97501 0.875357 0.854662 0.892948 1.14233 0.846659
threshold=1.0000000180025095e-35 0.70710678118654657 -1.0000000180025095e-35 -1.0000000180025095e-35 0.70710678118654613 -0.70710678118654779 -1.0000000180025095e-35 0.70710678118654702 1.0000000180025095e-35 -1.0000000180025095e-35 0.70710678118654657 -1.0000000180025095e-35 -1.0000000180025095e-35 -1.0000000180025095e-35 0.70710678118654846 -0.70710678118654824 0.70710678118654702 0.70710678118654746 0.70710678118654757 0.70710678118655113 0.70710678118654891 0.70710678118655168 0.70710678118654757 -1.0000000180025095e-35 0.70710678118654735 0.70710678118654979 1.0000000180025095e-35 -0.70710678118654757 0.70710678118654757 -0.70710678118654668
decision_type=2 2 2 2 2 2 2 2 2 2 2 2 2 2 2 2 2 2 2 2 2 2 2 2 2 2 2 2 2 2
left_child=1 3 4 6 -2 -3 14 8 9 -8 11 -4 -13 -14 15 -1 19 25 20 21 23 22 -17 -12 -25 -18 -26 -28 -29 -19
right_child=2 5 10 -5 -6 -7 7 -9 -10 -11 18 12 13 -15 -16 16 17 29 -20 -21 -22 -23 -24 24 26 -27 27 28 -30 -31
leaf_value=0.016876020966526649 -0.012366105070490293 0.011501955079796856 -0.012973243468999579 0.0011866753986055733 0.011672740976168258 -0.013278627212475339 0.0079280255553069983 0.013995471860463821 0.011101611617433147 -0.012797081994366192 -0.011325746226255918 -0.01193778607578738 -0.011642779317213123 0.012850707413367744 0.020759738485107176 0.011693546571173156 0.013706737417768204 0.011333475225610588 -0.010094716024256399 0.015931078718026685 -0.015314346428713042 0.0079077662751336035 0.018135678552476563 -0.012882975763287868 -0.012524438861370663 0.0074519729113565096 -0.0084529800363105922 -0.011111765435614866 -0.016243827124885365 0.0067421364475700185
leaf_weight=189.12666082382202 126.30047675967216 60.886295288801193 647.17589369416237 511.34043280780315 252.76827773451805 252.21247267723083 126.13395082950592 510.15184547007084 251.18650275468826 126.45603853464127 3371.2804463505745 190.84829568862915 63.721175193786621 126.79286095499992 62.703571408987045 9079.4150537699461 3071.0328385829926 771.47532258927822 1015.0292612612247 188.90363410115242 316.42582894861698 195.2815668284893 63.995762526988983 4641.658961057663 2155.6777710020542 64.48872646689415 315.99293668568134 1728.6365189254284 125.37998257577419 128.47662012279034
leaf_count=848 571 273 2926 2302 1136 1141 566 2288 1127 572 15244 863 288 571 281 40715 13763 3461 4590 847 1431 876 287 20992 9747 289 1429 7817 567 576
internal_value=0.000113326 0.0112455 -0.0114435 0.0116478 0.00363871 -0.00842251 0.0120081 0.00919803 0.00431187 -0.00243757 -0.011833 -0.00953388 -0.0036655 0.00461425 0.0122133 0.0121725 0.0121053 0.0129416 -0.0120049 0.0117492 -0.0121569 0.0116624 0.0117412 -0.0120743 -0.0123539 0.0135821 -0.0117822 -0.0110371 -0.0114701 0.0106918
internal_weight=30731 15653.3 15077.7 15340.2 379.069 313.099 14828.8 1013.93 503.776 252.59 14698.6 1028.54 381.362 190.514 13814.9 13752.2 13563.1 4035.47 13670.1 9527.6 12655.1 9338.69 9143.41 12338.6 8967.35 3135.52 4325.69 2170.01 1854.02 899.952
internal_count=138384 70212 68172 68798 1707 1414 66496 4553 2265 1138 66465 4648 1722 859 61943 61662 60814 18089 61817 42725 57227 41878 41002 55796 40552 14052 19560 9813 8384 4037
is_linear=0
shrinkage=0.05


Tree=2
num_leaves=31
num_cat=0
split_feature=14 14 10 14 10 10 16 0 16 8 2 24 19 19 10 20 22 24 15 4 15 1 19 20 12 19 6 10 17 11
split_gain=1353.07 103.434 92.9756 16.538 13.5726 15.8522 9.06132 7.49112 5.57499 5.54979 7.58116 1.61357 1.49398 1.17146 1.15999 1.09091 9.75834 1.4976 1.14758 1.2586 1.14435 0.99526 0.978133 0.943836 0.936234 0.907841 0.81587 0.907566 0.69636 0.681715
threshold=0.7071067811865418 -1.0000000180025095e-35 0.70710678118654591 -0.70710678118655323 -0.70710678118654779 -1.0000000180025095e-35 0.70710678118652492 -1.0000000180025095e-35 -1.0000000180025095e-35 0.70710678118655002 -0.70710678118654757 0.70710678118654846 -0.70710678118654824 0.70710678118654757 -0.70710678118654913 0.70710678118654757 -0.70710678118654768 0.70710678118654702 0.70710678118655113 -1.0000000180025095e-35 -0.70710678118654924 -1.0000000180025095e-35 -0.70710678118654757 -1.0000000180025095e-35 -0.70710678118655179 0.70710678118654935 0.70710678118654735 -0.70710678118654779 -0.70710678118654968 -0.70710678118654802
decision_type=2 2 2 2 2 2 2 2 2 2 2 2 2 2 2 2 2 2 2 2 2 2 2 2 2 2 2 2 2 2
left_child=1 3 4 -1 -3 29 7 -7 -9 13 -11 12 -5 14 -2 17 -17 18 19 20 -14 -4 -19 -16 -21 -26 27 -25 -29 -6
right_child=9 2 21 11 5 6 -8 8 -10 10 -12 -13 15 -15 23 16 -18 22 -20 24 -22 -23 -24 26 25 -27 -28 28 -30 -31
leaf_value=-0.013977938701762647 -0.0094782345896399292 0.014696444653167474 0.007514831393226948 0.015947182519943117 -0.0070937982315796358 -0.011801260573350689 -0.012121875960301384 0.014754535202090439 -4.8392202179844657e-05 0.010894829334731423 -0.0085778390011159913 0.019604715074858375 0.0069234357336308994 -0.0097563533005577824 -0.011022098728581509 -0.0093405331335340586 0.011810357568423406 0.013781940675440339 0.015058921123002861 0.0042455129935057177 0.011910608831939146 0.012477043255424116 0.011820234373337759 -0.015610648408740296 0.010485152555244426 0.016643778631555525 -0.011502438074482804 -0.0068136253243846982 -0.012432012101905129 -0.012744991371797363
leaf_weight=63.232071295380592 633.82499665021896 63.330471441149712 126.46213898062706 190.16586065292358 65.617602407932281 61.856826320290565 127.4045934677124 127.94397255778313 124.18480591475964 61.114958524703979 253.20212319493294 63.125585198402405 128.95382881164551 949.38765829801559 3417.6125670224428 62.535082459449768 382.71467350423336 899.13457949459553 189.88397967815399 63.792620077729225 3479.947404101491 894.90237870812416 3277.1006060242653 253.34780624508858 5383.4568983763456 65.372427105903625 4052.8240632861853 63.858043849468231 4304.4618992805481 898.55216443538666
leaf_count=287 2878 285 566 848 298 281 576 573 559 273 1149 281 576 4308 15515 284 1710 4014 847 285 15544 3998 14630 1151 24052 292 18401 290 19554 4079
internal_value=0.000106502 0.00969783 0.000293947 0.0113408 -0.00775825 -0.00878327 -0.00091965 0.00363401 0.00747229 -0.0113698 -0.00475322 0.011455 0.0114168 -0.0115211 -0.0116516 0.0113535 0.00881425 0.0114363 0.0110708 0.0109856 0.0117358 0.0118755 0.012247 -0.0117643 0.0104916 0.010563 -0.0120549 -0.0125356 -0.0123526 -0.0123733
internal_weight=30729.3 16739.7 2490.25 14249.4 1468.89 1405.56 441.39 313.986 252.129 13989.6 314.317 14186.2 14123.1 13675.3 12725.9 13932.9 445.25 13487.6 9311.41 9121.52 3608.9 1021.36 4176.24 12092.1 5512.62 5448.83 8674.49 4621.67 4368.32 964.17
internal_count=138384 74865 11215 63650 6651 6366 1989 1413 1132 63519 1422 63363 63082 62097 57789 62234 1994 60240 41596 40749 16120 4564 18644 54911 24629 24344 39396 20995 19844 4377
is_linear=0
shrinkage=0.05


Tree=3
num_leaves=31
num_cat=0
split_feature=13 13 16 21 10 0 13 11 0 16 13 10 0 19 13 13 8 24 6 17 19 19 2 20 6 11 8 16 6 7
split_gain=1288.99 17.0182 23.2165 15.2991 8.38423 6.93653 5.95942 12.6259 7.5518 4.1906 3.90492 8.64704 8.21146 3.21936 7.7654 3.01114 8.64091 3.01063 2.57644 3.79463 8.71012 5.61753 5.76954 2.00455 2.28886 2.62182 2.91122 2.85741 3.76138 3.06538
threshold=1.0000000180025095e-35 -1.0000000180025095e-35 -1.0000000180025095e-35 0.70710678118655312 -0.70710678118656112 1.0000000180025095e-35 -0.70710678118654846 0.70710678118654724 1.0000000180025095e-35 0.70710678118652492 0.70710678118654668 0.70710678118654591 0.70710678118654757 0.70710678118654757 0.70710678118654924 -0.70710678118654668 -1.0000000180025095e-35 0.70710678118654702 0.70710678118654735 -0.70710678118654757 0.7071067811865468 -0.70710678118654757 0.70710678118654735 -1.0000000180025095e-35 0.70710678118654369 -0.70710678118654191 -1.0000000180025095e-35 0.70710678118652492 -1.0000000180025095e-35 -1.0000000180025095e-35
decision_type=2 2 2 2 2 2 2 2 2 2 2 2 2 2 2 2 2 2 2 2 2 2 2 2 2 2 2 2 2 2
left_child=1 3 -3 6 5 -2 7 -1 -9 -4 11 -6 -13 18 -15 17 -17 23 -12 20 21 22 -20 -8 25 26 -25 28 -28 -29
right_child=4 2 9 -5 10 -7 15 8 -10 -11 13 12 -14 14 -16 16 -18 -19 19 -21 -22 -23 -24 24 -26 -27 27 29 -30 -31
leaf_value=0.0098421554315201564 -0.0090765993378350771 0.014624637426482935 -4.598864544330161e-05 -0.014440683101629685 -0.010061013211151701 0.013904709987592911 0.01104310186573982 -0.012006194344410845 0.0090310677441951519 -0.011858401417210037 -0.01155385458517438 0.0095410796546537401 -0.012417619504573978 -0.0091699809403652192 0.0081557371636742388 -0.010518079847443029 0.0093051680875667463 0.012104008772929199 -0.0095341313106481543 -0.010651394864249333 0.010937754724760634 -0.010323464881230949 0.011955660824080899 0.0097232901685618631 0.01061937752540739 0.010040300189672807 0.0060897976347455323 -0.00061268787176851013 -0.011267249693619778 0.0085451055777966186
leaf_weight=573.46749757230282 65.598275318741798 195.14147964119911 124.18279844522476 60.850341945886612 572.78075024485588 63.638472855091095 5683.3131750673056 126.88993544876575 62.883515357971191 192.28429734706879 7442.0120347440243 126.91108341515064 62.733693778514862 1070.4764244258404 67.769650161266327 61.626595869660378 445.18965874612331 3617.9989369958639 60.598435878753662 4679.140369579196 62.021704494953156 625.87764410674572 62.256064519286156 395.50480462610722 2567.908922329545 1086.7791224420071 60.994902610778809 125.95909756422043 61.603130653500557 321.42824368178844
leaf_count=2553 299 870 559 278 2611 285 25290 579 280 873 33941 565 286 4874 302 281 1983 16082 276 21326 276 2852 279 1761 11431 4838 272 568 281 1433
internal_value=0.000100137 0.010077 0.00109381 0.010378 -0.0104113 0.00222129 0.0104786 0.00614396 -0.00499826 -0.00725366 -0.0105219 -0.0069998 0.00222397 -0.0107119 -0.00812779 0.0107071 0.00686894 0.010846 -0.0109383 -0.010101 -0.00690881 -0.00840643 0.00132398 0.0104027 0.00961156 0.00834354 0.00642003 0.00410618 -0.00261192 0.00596002
internal_weight=30725.8 15764 511.609 15252.4 14961.8 129.237 15191.5 763.241 189.773 316.467 14832.6 762.426 189.645 14070.2 1138.25 14428.3 506.816 13921.5 12931.9 5489.89 810.754 748.732 122.855 10303.5 4620.18 2052.27 965.49 569.985 122.598 447.387
internal_count=138384 70212 2302 67910 68172 584 67632 3412 859 1432 67588 3462 851 64126 5176 64220 2264 61956 58950 25009 3683 3407 555 45874 20584 9153 4315 2554 553 2001
is_linear=0
shrinkage=0.05


Tree=4
num_leaves=31
num_cat=0
split_feature=13 13 21 10 22 0 10 5 22 0 13 10 0 10 13 3 24 13 11 6 21 21 7 8 1 20 12 3 9 6
split_gain=1163.7 15.2548 13.7981 7.61789 7.25334 6.25665 5.94947 4.55683 3.86941 4.82564 3.72533 7.84377 7.42424 3.46803 2.51582 7.79439 2.87972 2.74874 8.60032 2.15232 2.41958 8.98108 2.29979 1.95771 7.47539 1.78769 2.24716 2.32823 7.31421 1.36915
threshold=1.0000000180025095e-35 -1.0000000180025095e-35 0.70710678118655312 -0.70710678118656112 -0.70710678118654868 1.0000000180025095e-35 0.70710678118654591 1.0000000180025095e-35 -0.70710678118654868 1.0000000180025095e-35 0.70710678118654668 0.70710678118654591 0.70710678118654757 -1.0000000180025095e-35 -0.70710678118654668 -1.0000000180025095e-35 0.70710678118654702 -0.70710678118654846 0.70710678118654724 0.70710678118654735 -1.0000000180025095e-35 -0.70710678118654191 0.70710678118654735 0.70710678118650383 0.70710678118654702 -1.0000000180025095e-35 -1.0000000180025095e-35 1.0000000180025095e-35 -0.70710678118654757 1.0000000180025095e-35
decision_type=2 2 2 2 2 2 2 2 2 2 2 2 2 2 2 2 2 2 2 2 2 2 2 2 2 2 2 2 2 2
left_child=1 2 4 5 7 -2 13 -1 9 -5 11 -10 -13 -3 16 -16 17 18 -6 -12 21 22 -21 24 -24 29 27 28 -27 -19
right_child=3 6 -4 8 14 -7 -8 -9 10 -11 19 12 -14 -15 15 -17 -18 25 -20 20 -22 -23 23 -25 -26 26 -28 -29 -30 -31
leaf_value=0.0072819381721680333 -0.0086574915134083521 -0.011625654722527471 -0.013801756795245515 -0.011177759493223272 0.0092019472830253239 0.013160228296579158 0.014828657657858305 -0.011428543218759447 -0.009593601734024685 0.007733554181996458 -0.010848874745113082 0.0090399166548368031 -0.011858847762708622 0.00077183051960331376 -0.010038098800722546 0.008814262643636217 0.011310739346759325 0.010800630647454623 -0.011236015425544182 -0.011140453813542627 -0.010326667287163792 0.01036335039521106 0.011322776825607457 -0.0084422066952747604 -0.0085286116643820235 -0.010880382611380628 0.0098903922962891803 0.0088933240486675051 0.0070035335897769896 0.0086282825722344136
leaf_weight=65.169143289327621 65.389092072844505 65.137889295816422 60.538372695446014 64.911198914051056 252.53566759824753 63.925584107637405 66.895604968070984 62.861035823822021 570.75459289550781 67.945723056793213 7916.0669861733913 127.29486158490181 62.459408700466156 379.69009879231453 61.398425534367561 446.50586731731892 3952.3763795942068 4785.6519349217415 63.490904912352562 690.00972330570221 3836.7391191124916 62.236141741275787 62.498517170548439 1131.2175048142672 185.43147593736649 64.421252489089966 3089.5267477929592 1032.7229297161102 447.54178500175476 917.49511045217514
leaf_count=289 299 297 278 297 1121 285 297 288 2611 302 36245 565 286 1708 281 1983 17505 21221 291 3156 17551 276 279 5172 848 294 13716 4585 1989 4069
internal_value=9.41766e-05 0.00954221 0.00982622 -0.0099284 0.0099213 0.00210776 0.00103707 -0.00188327 -0.0100342 -0.00148326 -0.0101113 -0.0066683 0.00210857 -0.00105437 0.0100217 0.00651021 0.0101431 0.00970836 0.00505762 -0.0102991 -0.00956727 -0.00819373 -0.00875904 -0.00755675 -0.00347898 0.00984955 0.009103 0.00751951 0.0047266 0.0104536
internal_weight=30720.8 15814 15302.2 14906.9 15241.7 129.315 511.724 128.03 14777.6 132.857 14644.7 760.509 189.754 444.828 15113.7 507.904 14605.8 10653.4 316.027 13884.2 5968.13 2131.39 2069.16 1379.15 247.93 10337.4 4634.21 1544.69 511.963 5703.15
internal_count=138384 70212 67910 68172 67632 584 2302 577 67588 599 66989 3462 851 2005 67055 2264 64791 47286 1412 63527 27282 9731 9455 6299 1127 45874 20584 6868 2283 25290
is_linear=0
shrinkage=0.05


Tree=5
num_leaves=31
num_cat=0
split_feature=13 14 14 9 13 16 10 8 0 16 0 11 3 9 8 9 16 13 12 2 9 13 16 1 22 5 7 8 5 19
split_gain=1035.16 34.6213 27.2429 20.2485 14.3485 12.4579 8.57418 7.68861 3.13175 2.10531 1.41209 1.24912 1.4419 1.4477 1.32447 1.25865 1.24417 11.3278 1.21653 1.21297 1.91871 1.77457 2.43187 9.58058 1.10778 2.87655 1.02027 1.0096 0.968183 0.913825
threshold=1.0000000180025095e-35 0.70710678118654657 -1.0000000180025095e-35 0.70710678118654613 -1.0000000180025095e-35 0.70710678118652492 -0.70710678118656112 0.70710678118655002 1.0000000180025095e-35 -1.0000000180025095e-35 0.70710678118654757 -0.70710678118654935 1.0000000180025095e-35 0.70710678118654891 -0.70710678118655002 -0.70710678118654535 0.70710678118654757 0.70710678118654668 -0.70710678118654913 -1.0000000180025095e-35 0.70710678118654613 -0.70710678118654757 0.70710678118652492 -1.0000000180025095e-35 -0.70710678118654668 -1.0000000180025095e-35 -0.70710678118654513 0.70710678118654713 0.70710678118654802 -0.70710678118654757
decision_type=2 2 2 2 2 2 2 2 2 2 2 2 2 2 2 2 2 2 2 2 2 2 2 2 2 2 2 2 2 2
left_child=1 4 3 -2 10 9 8 -3 -4 -6 11 -1 13 14 -13 26 18 -18 -8 20 -16 22 23 -21 -23 -26 -14 -17 -20 -27
right_child=2 7 6 -5 5 -7 16 -9 -10 -11 -12 12 15 -15 19 27 17 -19 28 21 -22 24 -24 -25 25 29 -28 -29 -30 -31
leaf_value=0.0044816020993538224 -0.012524684300005884 -0.011585940000261134 -0.0052018059338740747 0.0117501971226423 0.010103162438839623 -0.0094844947261109262 -0.0050397459191944809 0.0076336472877445993 0.010661825955717937 0.0017783149132257672 0.0019753432709465842 0.002046406790093058 0.0098548183528139599 0.0063382423480359404 0.010700625340881344 0.012258971606223619 0.012193540401656612 -0.010311970058038668 -0.010133957411082792 0.0079231964115352924 0.0086653162849297961 0.0079803760601155436 0.0088843893446602859 -0.0072801973235453029 0.017887926142672709 0.0057847322040360622 0.0067775751959280039 0.010023899702478155 -0.003572626548904475 0.010402934890107012
leaf_weight=129.40622478723526 128.0438247025013 248.17749978601933 57.121257454156876 255.62440426647663 193.22627806663513 183.16226431727409 126.54062363505363 64.690945386886597 65.544829040765762 128.21257625520229 64.941309034824371 64.912771061062813 2870.9940525740385 453.85514330863953 2981.0234574079514 1107.3272162079811 63.05445621907711 436.55348472297192 13654.507031962276 592.76376120746136 2022.1181887686253 584.41198600828648 1415.8455293774605 124.37028171122074 127.55176994204521 131.10450328886509 320.41844336688519 1100.4756126701832 60.21533790230751 970.68527418375015
leaf_count=571 588 1141 262 1133 856 836 582 286 291 577 287 287 12693 2005 13175 4891 279 2005 62724 2621 8938 2583 6259 570 564 579 1415 4870 277 4291
internal_value=-1.73981e-05 0.0088561 -0.00950825 0.0036243 0.00918732 0.00088092 -0.00985719 -0.00758437 0.00325193 0.00681394 0.00946518 0.00949715 0.00954016 0.00915788 0.00929856 0.0102078 -0.00996988 -0.00744293 -0.0100602 0.00935037 0.00988091 0.00867422 0.00767561 0.00527309 0.00984095 0.0107142 0.00954965 0.0111522 -0.0101058 0.00986368
internal_weight=30726.9 15879.7 14847.2 383.668 15566.8 504.601 14463.5 312.868 122.666 321.439 15062.2 14997.3 14867.9 9468.64 9014.79 5399.22 14340.9 499.608 13841.3 8949.87 5003.14 3946.73 2132.98 717.134 1813.75 1229.34 3191.41 2207.8 13714.7 1101.79
internal_count=138436 70295 68141 1721 68868 2269 66420 1427 553 1433 66599 66312 65741 41872 39867 23869 65867 2284 63583 39580 22113 17467 9450 3191 8017 5434 14108 9761 63001 4870
is_linear=0
shrinkage=0.05


Tree=6
num_leaves=31
num_cat=0
split_feature=13 13 16 3 0 5 8 13 2 8 2 7 17 13 16 13 7 6 13 11 9 9 5 7 16 2 2 16 0 8
split_gain=934.796 16.0604 4.8909 6.92325 5.8314 2.25796 2.29661 1.87483 5.12375 1.8737 2.06172 2.45132 18.4216 12.3585 2.51271 8.19122 1.58771 2.21409 3.14135 9.13295 1.91933 1.7776 3.24853 15.7224 1.62623 1.9795 1.70032 1.45295 1.39177 1.42755
threshold=1.0000000180025095e-35 -0.70710678118654524 0.70710678118652492 -1.0000000180025095e-35 1.0000000180025095e-35 -1.0000000180025095e-35 -0.70710678118654757 0.70710678118654924 0.70710678118654735 0.70710678118654713 -1.0000000180025095e-35 0.70710678118654735 -0.70710678118654757 0.70710678118654668 0.70710678118654757 0.70710678118654668 -0.70710678118654757 0.70710678118654613 -0.70710678118654846 0.70710678118654724 0.70710678118654757 -0.7071067811865458 1.0000000180025095e-35 0.70710678118654491 0.70710678118652492 -1.0000000180025095e-35 0.70710678118654735 -1.0000000180025095e-35 0.70710678118654757 -0.70710678118655002
decision_type=2 2 2 2 2 2 2 2 2 2 2 2 2 2 2 2 2 2 2 2 2 2 2 2 2 2 2 2 2 2
left_child=1 5 3 -3 -4 6 -1 9 -9 10 -2 14 -13 -14 -12 -16 28 18 19 -18 -19 22 23 -20 25 -23 -27 -5 29 -7
right_child=7 2 4 27 -6 16 -8 8 -10 -11 11 12 13 -15 15 -17 17 20 21 -21 -22 24 -24 -25 -26 26 -28 -29 -30 -31
leaf_value=0.0076182167948603031 -0.0095334745889431305 -0.011372368422002059 -0.0090437520458231477 0.0080481147809973782 0.0082451797920965169 0.0019444001672389193 0.010099101263729196 -0.0084407072750703541 0.0071206226352065879 -0.0098081979850685591 -0.0089556385571094282 0.011975493141616573 0.013056176119568661 -0.0094425108970278317 0.011549606072412968 -0.010415406549063581 0.010929243078028143 0.0092045981417731484 -0.01279292599105491 -0.0079668086140664493 0.0051337032308357289 0.0078604709089406342 0.0079552478653613125 0.0076845594336467996 0.010116643990932664 -0.0047834877105350886 0.0066477348014221324 0.001689070608515207 0.001876919850872266 0.0095726741862688144
leaf_weight=1234.9365062266588 3660.3672056347132 62.440383911132812 182.54891063272953 322.04785145819187 65.269208908081055 64.953728377819061 4363.9266712516546 253.05093303322792 65.643633157014847 6301.3183181732893 3128.5809533149004 126.98564381897449 63.926809519529343 1009.312366604805 63.290992856025696 123.54007180035114 127.80846661329269 2858.0745906084776 121.9220939874649 125.84162689745426 333.53360959887505 926.23948810994625 777.98218922317028 392.92282235622406 783.44388872385025 60.978184640407562 67.111353397369385 128.28853072226048 64.980782359838486 2857.2042408436537
leaf_count=5439 16881 288 836 1422 288 287 19228 1167 290 29041 14416 561 282 4654 279 570 564 12594 563 581 1470 4086 3427 1735 3454 279 296 577 287 12594
internal_value=-1.70614e-05 0.00839059 0.00129106 0.00408122 -0.00445534 0.0087463 0.00955425 -0.00906509 -0.00520755 -0.00914929 -0.00863972 -0.00791219 -0.00595184 -0.00808683 -0.00861835 -0.00292603 0.00827179 0.007828 0.00692405 0.00154037 0.00878248 0.00735802 0.00591392 0.00281013 0.00836742 0.00705453 0.00117217 0.00625543 0.00924413 0.00940555
internal_weight=30718.5 15922.5 760.595 512.777 247.818 15161.9 5598.86 14796 318.695 14477.3 8176 4515.64 1200.22 1073.24 3315.41 186.831 9563 6575.86 3384.25 253.65 3191.61 3130.6 1292.83 514.845 1837.77 1054.33 128.09 450.336 2987.14 2922.16
internal_count=138436 70295 3411 2287 1124 66884 24667 68141 1457 66684 37643 20762 5497 4936 15265 849 42217 29049 14985 1145 14064 13840 5725 2298 8115 4661 575 1999 13168 12881
is_linear=0
shrinkage=0.05


end of trees

feature_importances:
turnover_avg_5d=30
macd_hist=16
momentum_5d=15
volatility_10d=13
max_dd_60d=12
volatility_60d=10
price_pos_20d=10
downside_vol_20d=9
turnover_std_20d=9
momentum_60d=8
volatility_20d=8
volume_ratio_5d=8
momentum_10d=7
momentum_20d=7
momentum_5_60_reversal=7
price_pos_60d=7
kurtosis_20d=7
ma_div_5_20=6
ma_div_20_60=6
rsi_14=5
volume_ratio_20d=3
bb_position=3
bb_width=3
momentum_120d=1

parameters:
[boosting: gbdt]
[objective: binary]
[metric: auc]
[tree_learner: serial]
[device_type: cpu]
[data_sample_strategy: bagging]
[data: ]
[valid: ]
[num_iterations: 500]
[learning_rate: 0.05]
[num_leaves: 31]
[num_threads: 0]
[seed: 42]
[deterministic: 0]
[force_col_wise: 0]
[force_row_wise: 0]
[histogram_pool_size: -1]
[max_depth: -1]
[min_data_in_leaf: 50]
[min_sum_hessian_in_leaf: 0.001]
[bagging_fraction: 0.8]
[pos_bagging_fraction: 1]
[neg_bagging_fraction: 1]
[bagging_freq: 5]
[bagging_seed: 400]
[bagging_by_query: 0]
[feature_fraction: 0.8]
[feature_fraction_bynode: 1]
[feature_fraction_seed: 30056]
[extra_trees: 0]
[extra_seed: 12879]
[early_stopping_round: 0]
[early_stopping_min_delta: 0]
[first_metric_only: 0]
[max_delta_step: 0]
[lambda_l1: 0.1]
[lambda_l2: 1]
[linear_lambda: 0]
[min_gain_to_split: 0]
[drop_rate: 0.1]
[max_drop: 50]
[skip_drop: 0.5]
[xgboost_dart_mode: 0]
[uniform_drop: 0]
[drop_seed: 17869]
[top_rate: 0.2]
[other_rate: 0.1]
[min_data_per_group: 100]
[max_cat_threshold: 32]
[cat_l2: 10]
[cat_smooth: 10]
[max_cat_to_onehot: 4]
[top_k: 20]
[monotone_constraints: ]
[monotone_constraints_method: basic]
[monotone_penalty: 0]
[feature_contri: ]
[forcedsplits_filename: ]
[refit_decay_rate: 0.9]
[cegb_tradeoff: 1]
[cegb_penalty_split: 0]
[cegb_penalty_feature_lazy: ]
[cegb_penalty_feature_coupled: ]
[path_smooth: 0]
[interaction_constraints: ]
[verbosity: -1]
[saved_feature_importance_type: 0]
[use_quantized_grad: 0]
[num_grad_quant_bins: 4]
[quant_train_renew_leaf: 0]
[stochastic_rounding: 1]
[linear_tree: 0]
[max_bin: 255]
[max_bin_by_feature: ]
[min_data_in_bin: 3]
[bin_construct_sample_cnt: 200000]
[data_random_seed: 175]
[is_enable_sparse: 1]
[enable_bundle: 1]
[use_missing: 1]
[zero_as_missing: 0]
[feature_pre_filter: 1]
[pre_partition: 0]
[two_round: 0]
[header: 0]
[label_column: ]
[weight_column: ]
[group_column: ]
[ignore_column: ]
[categorical_feature: ]
[forcedbins_filename: ]
[precise_float_parser: 0]
[parser_config_file: ]
[objective_seed: 16083]
[num_class: 1]
[is_unbalance: 0]
[scale_pos_weight: 1]
[sigmoid: 1]
[boost_from_average: 1]
[reg_sqrt: 0]
[alpha: 0.9]
[fair_c: 1]
[poisson_max_delta_step: 0.7]
[tweedie_variance_power: 1.5]
[lambdarank_truncation_level: 30]
[lambdarank_norm: 1]
[label_gain: ]
[lambdarank_position_bias_regularization: 0]
[eval_at: ]
[multi_error_top_k: 1]
[auc_mu_weights: ]
[num_machines: 1]
[local_listen_port: 12400]
[time_out: 120]
[machine_list_filename: ]
[machines: ]
[gpu_platform_id: -1]
[gpu_device_id: -1]
[gpu_device_id_list: ]
[gpu_use_dp: 0]
[num_gpu: 1]

end of parameters

pandas_categorical:[]
