tree
version=v4
num_class=1
num_tree_per_iteration=1
label_index=0
max_feature_idx=24
objective=binary sigmoid:1
feature_names=momentum_5d momentum_10d momentum_20d momentum_60d momentum_120d momentum_5_60_reversal volatility_10d volatility_20d volatility_60d downside_vol_20d max_dd_60d volume_ratio_5d volume_ratio_20d turnover_avg_5d turnover_std_20d rsi_14 macd_hist bb_position bb_width price_pos_20d price_pos_60d ma_div_5_20 ma_div_20_60 skewness_20d kurtosis_20d
feature_infos=[-5.0323489738719802:4.9993391910557134] [-3.9663115482961535:5.3635079768113245] [-3.6709627951173145:5.0739795758642732] [-2.9601799218503064:5.568100397799352] [-2.8015993284348988:5.9550056909222233] [-5.570131425193547:2.9461654033892248] [-2.2152400463886859:5.520196199527077] [-2.3728154967846184:4.6890105907141164] [-2.4677635978830392:4.1296691611831129] [-2.4866890242750932:6.3277958350906038] [-4.205141140801012:2.0433207097022423] [-2.3280135879479276:4.788856751255091] [-2.173406326468291:6.032354315347721] [-1.20561051126302:6.69211698112733] [-1.1196426823577632:6.7087533718310439] [-2.9412350335924922:3.3562974697691388] [-6.3105544342726692:6.7242710603543765] [-3.1581728573604111:3.790200055564108] [-2.0231581389108899:5.5488011790864959] [-3.587699799203969:4.0296505326795282] [-2.6705182536753664:3.1375721459382246] [-4.490784196322263:5.0801244842719431] [-3.8089555288780548:4.6129283497207441] [-4.2193098963741145:3.4729041846423545] [-1.6179709158892024:5.3090304721345367]
tree_sizes=3488 3545

Tree=0
num_leaves=31
num_cat=0
split_feature=22 16 17 22 16 13 19 9 8 16 18 21 20 0 6 9 18 21 2 16 13 16 20 8 19 5 3 13 21 2
split_gain=276.635 153.779 106.152 102.03 74.8751 70.2516 69.5089 68.8852 67.8235 66.2982 57.9657 55.3982 61.5912 54.3422 65.5768 52.5547 50.7356 49.7342 42.6306 41.737 41.1434 41.0249 40.4276 39.9235 39.3587 50.0312 41.5517 32.3154 37.5087 30.8602
threshold=-0.016228095334919906 -0.27790877291026977 -0.54558458649307839 1.0000000180025095e-35 -0.24332094380322675 -0.55732204867849167 -1.0222781658581936 0.92916330816204751 -0.95950295938527153 -0.076607578796142148 -1.5629847883040384 -0.16490757463666209 -0.88884475237518934 0.12058851343930475 -0.71278362304576726 -0.29546587803777613 0.20294635808758055 0.36536721859192806 -0.21723944982930257 0.81342336334106624 -0.94768658719535692 -0.13800777868156197 -1.0000000180025095e-35 0.22254108890503146 0.34040569825724826 -0.5554263894951279 -0.32484414940563849 -0.018049528821164087 -0.52053886803269223 0.69073891258528719
decision_type=2 2 2 2 2 2 2 2 2 2 2 2 2 2 2 2 2 2 2 2 2 2 2 2 2 2 2 2 2 2
left_child=1 2 5 7 8 -1 -3 10 -5 18 -2 12 -8 -13 19 21 -14 -11 -6 20 -15 22 -12 29 26 -26 -10 28 -17 -19
right_child=3 6 -4 4 9 -7 11 -9 24 17 15 13 16 14 -16 27 -18 23 -20 -21 -22 -23 -24 -25 25 -27 -28 -29 -30 -31
leaf_value=-0.14381393427162006 -0.13258561419136014 -0.18915574239628075 -0.14635812958404468 -0.159684954561819 -0.18192373103649773 -0.1745907356431525 -0.17909941652449199 -0.17376628160064522 -0.16827715431527535 -0.17749558577752214 -0.15582924348296148 -0.18575424933302184 -0.1715324533851624 -0.22560240940498522 -0.17949070700059927 -0.20416050625610296 -0.15455907153097748 -0.18398419553211418 -0.19943334616655184 -0.22191878315567587 -0.1579958591192816 -0.19876946384276767 -0.22563996314186988 -0.18093245103541691 -0.18017659978969047 -0.15024404555038007 -0.18524700368341568 -0.19886721549566636 -0.18171714265474859 -0.19617317505473911
leaf_weight=212.75441157817841 34.963137567043304 1260.9046420454979 630.82426929473877 461.46382278203964 476.8376846909523 1410.4278473854065 1617.9749831557274 403.93582338094711 425.75678867101669 2097.2923229932785 21.572999775409698 2257.7260109782219 1352.4039169549942 22.316896319389343 2538.9189046025276 233.33554929494858 654.38099318742752 850.0257842540741 1289.1727107167244 27.524172127246857 687.11244112253189 634.54375201463699 296.81472104787827 1535.4024667739868 353.59882390499115 230.11199760437012 2328.1482171416283 936.31778335571289 908.54564571380615 1340.7495377659798
leaf_count=858 141 5085 2544 1861 1923 5688 6525 1629 1717 8458 87 9105 5454 90 10239 941 2639 3428 5199 111 2771 2559 1197 6192 1426 928 9389 3776 3664 5407
internal_value=-0.181019 -0.175592 -0.163753 -0.185647 -0.183359 -0.170533 -0.178155 -0.193152 -0.17763 -0.186228 -0.19571 -0.176639 -0.171835 -0.179788 -0.175675 -0.196455 -0.165985 -0.183652 -0.194712 -0.162554 -0.16019 -0.20618 -0.22083 -0.187118 -0.180119 -0.168336 -0.182618 -0.191984 -0.186324 -0.19145
internal_weight=27531.9 12673.3 2254.01 14858.6 11388.6 1623.18 10419.3 3470.03 3799.08 7589.48 3066.09 9158.36 3624.76 5533.6 3275.87 3031.13 2006.78 5823.47 1766.01 736.954 709.429 952.931 318.388 3726.18 3337.62 583.711 2753.91 2078.2 1141.88 2190.78
internal_count=111031 51109 9090 59922 45928 6546 42019 13994 15321 30607 12365 36934 14618 22316 13211 12224 8093 23485 7122 2972 2861 3843 1284 15027 13460 2354 11106 8381 4605 8835
is_linear=0
shrinkage=1


Tree=1
num_leaves=31
num_cat=0
split_feature=22 22 9 14 19 21 18 20 13 9 2 0 3 23 18 21 7 8 24 19 13 19 9 15 13 21 8 22 17 9
split_gain=249.677 92.2789 62.3053 52.9355 67.4676 131.494 52.3653 48.2811 53.4408 47.6903 46.8814 61.5267 55.9023 38.6227 36.3494 35.2063 32.711 30.9826 29.7585 29.362 29.2805 29.0994 31.7701 29.9732 28.843 28.6486 27.4699 26.9604 25.8138 25.4057
threshold=-0.016228095334919906 1.0000000180025095e-35 0.92916330816204751 -0.56037068103538334 -0.74080441499300809 -0.52053886803269223 -1.5629847883040384 -0.41094898598458501 -0.64164139353612104 -0.29546587803777613 -0.050013370584632795 0.12912478157017457 -0.49770608638385749 -0.86457978057095308 0.19139080916473875 0.11599500228553654 -0.18347005451657242 -0.80853262902921186 0.3954835976810856 -1.7487997380082734 -0.29741182383551507 -0.88503782600627368 -0.89889332332470395 -0.77522896614413095 -0.94768658719535692 -0.60854918287014359 -0.61402514209879133 -1.0000000180025095e-35 2.0004675723390988 -1.7937928330915174
decision_type=2 2 2 2 2 2 2 2 2 2 2 2 2 2 2 2 2 2 2 2 2 2 2 2 2 2 2 2 2 2
left_child=3 2 6 10 16 14 -2 8 15 27 12 17 -1 -14 -6 -3 -5 -12 29 -10 25 22 -21 -23 -13 -11 -15 -8 -20 -9
right_child=1 7 -4 4 5 -7 9 18 19 20 11 24 13 26 -16 -17 -18 -19 28 21 -22 23 -24 -25 -26 -27 -28 -29 -30 -31
leaf_value=0.0069143268213419156 0.045804563063755327 0.034531502583454825 0.0067855331217865668 -0.007357777168385528 0.0098912481638074069 0.0029065469995628807 -0.00034045565936977122 -0.049365740069658576 0.029927537539098471 -0.023211802655949555 -0.028135775040317591 -0.04284148364780109 0.040320575735081937 0.025229764621431557 0.028190908568285579 -0.014091694052370971 0.0025909333160453614 0.0014894217652970179 -0.010072645362427718 -0.038390342424660558 -0.015416069356312035 0.025997992256146036 -0.0032115247793903438 0.00045006633787066558 0.014366105928281964 0.00097476314103346552 0.0052643941193093935 -0.027059193097638476 0.021559721641198109 -0.0020603207850576608
leaf_weight=1006.2726049721241 35.095538198947906 217.82759496569633 404.19121004641056 1698.4256611317396 433.55718053877354 5299.1308162510395 106.74862933158875 27.499597385525703 85.08109088242054 147.70549544692039 193.37793056666851 22.000011995434761 257.37108005583286 461.57309156656265 736.01390169560909 44.122758746147156 1606.2970288842916 160.91147419810295 1965.1593343764544 69.949821069836617 1237.5710051655769 169.89311817288399 681.26791007816792 351.1649271696806 527.17718915641308 690.74640792608261 276.68324461579323 843.81535595655441 65.673338994383812 7708.0820797085762
leaf_count=4056 141 878 1629 6849 1747 21364 431 111 343 597 780 89 1037 1860 2963 178 6476 649 7928 282 4998 685 2747 1416 2124 2786 1115 3412 265 31095
internal_value=-0.000100931 -0.0045005 -0.0116431 0.00505216 0.00328929 0.00625848 -0.0140791 -0.00232497 0.0056676 -0.01479 0.0109774 0.00151435 0.0152428 0.0236398 0.0214258 0.0263 -0.00252126 -0.0147002 -0.00365113 0.00166573 -0.0105301 -0.000242314 -0.00654054 0.00882349 0.0119916 -0.00330267 0.0177712 -0.0240674 -0.00903715 -0.00223549
internal_weight=27530.4 14851.6 3465.87 12678.8 9773.42 6468.7 3061.68 11385.7 1619.31 3026.59 2905.37 903.467 2001.9 995.627 1169.57 261.95 3304.72 354.289 9766.41 1357.36 2076.02 1272.28 751.218 521.058 549.177 838.452 738.256 950.564 2030.83 7735.58
internal_count=111031 59922 13994 51109 39399 26074 12365 45928 6529 12224 11710 3642 8068 4012 4710 1056 13325 1429 39399 5473 8381 5130 3029 2101 2213 3383 2975 3843 8193 31206
is_linear=0
shrinkage=0.05


end of trees

feature_importances:
downside_vol_20d=6
turnover_avg_5d=6
ma_div_5_20=6
macd_hist=5
price_pos_20d=5
ma_div_20_60=5
volatility_60d=4
bb_width=4
momentum_20d=3
price_pos_60d=3
momentum_5d=2
momentum_60d=2
bb_position=2
momentum_5_60_reversal=1
volatility_10d=1
volatility_20d=1
turnover_std_20d=1
rsi_14=1
skewness_20d=1
kurtosis_20d=1

parameters:
[boosting: gbdt]
[objective: binary]
[metric: auc]
[tree_learner: serial]
[device_type: cpu]
[data_sample_strategy: bagging]
[data: ]
[valid: ]
[num_iterations: 500]
[learning_rate: 0.05]
[num_leaves: 31]
[num_threads: 0]
[seed: 42]
[deterministic: 0]
[force_col_wise: 0]
[force_row_wise: 0]
[histogram_pool_size: -1]
[max_depth: -1]
[min_data_in_leaf: 50]
[min_sum_hessian_in_leaf: 0.001]
[bagging_fraction: 0.8]
[pos_bagging_fraction: 1]
[neg_bagging_fraction: 1]
[bagging_freq: 5]
[bagging_seed: 400]
[bagging_by_query: 0]
[feature_fraction: 0.8]
[feature_fraction_bynode: 1]
[feature_fraction_seed: 30056]
[extra_trees: 0]
[extra_seed: 12879]
[early_stopping_round: 0]
[early_stopping_min_delta: 0]
[first_metric_only: 0]
[max_delta_step: 0]
[lambda_l1: 0.1]
[lambda_l2: 1]
[linear_lambda: 0]
[min_gain_to_split: 0]
[drop_rate: 0.1]
[max_drop: 50]
[skip_drop: 0.5]
[xgboost_dart_mode: 0]
[uniform_drop: 0]
[drop_seed: 17869]
[top_rate: 0.2]
[other_rate: 0.1]
[min_data_per_group: 100]
[max_cat_threshold: 32]
[cat_l2: 10]
[cat_smooth: 10]
[max_cat_to_onehot: 4]
[top_k: 20]
[monotone_constraints: ]
[monotone_constraints_method: basic]
[monotone_penalty: 0]
[feature_contri: ]
[forcedsplits_filename: ]
[refit_decay_rate: 0.9]
[cegb_tradeoff: 1]
[cegb_penalty_split: 0]
[cegb_penalty_feature_lazy: ]
[cegb_penalty_feature_coupled: ]
[path_smooth: 0]
[interaction_constraints: ]
[verbosity: -1]
[saved_feature_importance_type: 0]
[use_quantized_grad: 0]
[num_grad_quant_bins: 4]
[quant_train_renew_leaf: 0]
[stochastic_rounding: 1]
[linear_tree: 0]
[max_bin: 255]
[max_bin_by_feature: ]
[min_data_in_bin: 3]
[bin_construct_sample_cnt: 200000]
[data_random_seed: 175]
[is_enable_sparse: 1]
[enable_bundle: 1]
[use_missing: 1]
[zero_as_missing: 0]
[feature_pre_filter: 1]
[pre_partition: 0]
[two_round: 0]
[header: 0]
[label_column: ]
[weight_column: ]
[group_column: ]
[ignore_column: ]
[categorical_feature: ]
[forcedbins_filename: ]
[precise_float_parser: 0]
[parser_config_file: ]
[objective_seed: 16083]
[num_class: 1]
[is_unbalance: 0]
[scale_pos_weight: 1]
[sigmoid: 1]
[boost_from_average: 1]
[reg_sqrt: 0]
[alpha: 0.9]
[fair_c: 1]
[poisson_max_delta_step: 0.7]
[tweedie_variance_power: 1.5]
[lambdarank_truncation_level: 30]
[lambdarank_norm: 1]
[label_gain: ]
[lambdarank_position_bias_regularization: 0]
[eval_at: ]
[multi_error_top_k: 1]
[auc_mu_weights: ]
[num_machines: 1]
[local_listen_port: 12400]
[time_out: 120]
[machine_list_filename: ]
[machines: ]
[gpu_platform_id: -1]
[gpu_device_id: -1]
[gpu_device_id_list: ]
[gpu_use_dp: 0]
[num_gpu: 1]

end of parameters

pandas_categorical:[]
